16634267385,
18243675012,
18769671620,
13597302191,
13789508383,
13721825423,
18293336033,
18148453457,
19995436778,
15622662353,
18988176575,
15025957556,
15315079262,
13327018921,
19867734247,
14558882648,
18724528300,
15771766880,
15187542813,
19946244386,
13608159732,
18061622630,
19105222733,
13348017072,
18168356838,
17507193535,
13364178449,
18693293934,
13689819598,
17674267221,
15642338047,
17508695119,
13035344226,
13648354083,
15914071073,
16551876094,
18418216459,
13796682616,
19925841399,
18592582231,
14906229679,
19913714410,
15285597573,
13423004554,
13243313670,
13456189770,
13258934702,
19934091353,
15106796733,
15608045184,
17045115393,
13994189174,
13685821642,
15048038465,
17524216334,
14617509035,
14611754307,
17156767970,
13001154429,
18248051047,
18206415385,
17880907824,
18854741432,
13759519155,
17872851248,
15101556337,
13802226966,
14608364767,
18847424050,
13284108571,
15524618436,
13397988058,
13512375896,
15531741153,
17735975259,
13359477144,
17395747473,
15809547900,
17696095598,
15370081274,
13850596040,
18358812143,
17213064554,
15085316433,
13387105448,
17731214922,
17885813405,
17392087046,
13359043804,
15183762982,
13898251920,
18905993672,
14523233462,
17328296945,
13638539851,
13704076877,
18083882175,
14588923106,
13638997095,
17325408246,